;----------------------------------------------------------
;		SPRITE GRAPHICS
;		2 X 4 CHARACTERS ARRANGED AS FOLLOWS -
;
;		1 5
;		2 6
;		3 7
;		4 8

;+=======+=======+=======+=======+=======+=======+=======+=======+=======+=======+=======+=======+=======+=======+=======+=======+
;| S_1X1 | S_1X2 | S_1X3 | S_1X4 | S_2X1 | S_2X2 | S_2X3 | S_2X4 | S_3X1 | S_3X2 | S_3X3 | S_3X4 | S_4X1 | S_4X2 | S_4X3 | S_4X4 | 
;+-------+-------+-------+-------+-------+-------+-------+-------+-------+-------+-------+-------+-------+-------+-------+-------+
;|      0|    0 1|  0 1 2|0 1 2 3|      0|    0 2|  0 2 4|0 2 4 6|      0|    0 3|  0 3 6|0 3 6 9|      0|    0 4|  0 4 8|0 4 8 C|
;|       |       |       |       |      1|    1 3|  1 3 5|1 3 5 7|      1|    1 4|  1 4 7|1 4 7 A|      1|    1 5|  1 5 9|1 5 9 D|
;|       |       |       |       |       |       |       |       |      2|    2 5|  2 5 8|2 5 8 B|      2|    2 6|  2 6 A|2 6 A E|
;|       |       |       |       |       |       |       |       |       |       |       |       |      3|    3 7|  3 7 B|3 7 B F|
;+-------+-------+-------+-------+-------+-------+-------+-------+-------+-------+-------+-------+-------+-------+-------+-------+
;|      1|      2|      3|      4|      2|      4|      6|      8|      3|      6|      9|     12|      4|      8|     12|     16|
;+=======+=======+=======+=======+=======+=======+=======+=======+=======+=======+=======+=======+=======+=======+=======+=======+


;----------------------------------------------------------
SPRITEGFX:
;---------------------------------------
		DC.B	$00,$00,$00,$00		;1
		DC.B	$00,$00,$09,$99
		DC.B	$00,$00,$99,$95
		DC.B	$00,$09,$99,$99
		DC.B	$00,$99,$99,$90
		DC.B	$09,$99,$90,$66
		DC.B	$09,$99,$96,$66
		DC.B	$09,$D9,$06,$66

		DC.B	$09,$59,$06,$66		;2
		DC.B	$09,$99,$96,$66
		DC.B	$09,$99,$90,$66
		DC.B	$04,$99,$99,$90
		DC.B	$06,$09,$99,$99
		DC.B	$84,$00,$99,$95
		DC.B	$84,$00,$09,$99
		DC.B	$84,$00,$00,$00

		DC.B	$84,$00,$00,$00		;1
		DC.B	$84,$00,$09,$99
		DC.B	$84,$00,$99,$95
		DC.B	$06,$09,$99,$99
		DC.B	$04,$99,$99,$90
		DC.B	$09,$99,$90,$66
		DC.B	$09,$99,$96,$66
		DC.B	$09,$D9,$06,$66

		DC.B	$09,$59,$06,$66		;2
		DC.B	$09,$99,$96,$66
		DC.B	$09,$99,$90,$66
		DC.B	$00,$99,$99,$90
		DC.B	$00,$09,$99,$99
		DC.B	$00,$00,$99,$95
		DC.B	$00,$00,$09,$99
		DC.B	$00,$00,$00,$00
;---------------------------------------
		DC.B	$00,$00,$08,$88		;3
		DC.B	$99,$94,$64,$44
		DC.B	$D9,$99,$00,$00
		DC.B	$99,$99,$90,$00
		DC.B	$09,$99,$99,$00
		DC.B	$66,$09,$99,$90
		DC.B	$66,$69,$99,$90
		DC.B	$66,$60,$9D,$90

		DC.B	$66,$60,$90,$00		;1
		DC.B	$66,$60,$09,$99
		DC.B	$66,$00,$99,$95
		DC.B	$00,$09,$99,$99
		DC.B	$90,$99,$99,$90
		DC.B	$09,$99,$90,$66
		DC.B	$09,$99,$96,$66
		DC.B	$09,$D9,$06,$66

		DC.B	$09,$59,$06,$66		;2
		DC.B	$09,$99,$96,$66
		DC.B	$09,$99,$90,$66
		DC.B	$90,$99,$99,$90
		DC.B	$00,$09,$99,$99
		DC.B	$66,$00,$99,$95
		DC.B	$66,$60,$09,$99
		DC.B	$66,$60,$90,$00

		DC.B	$66,$60,$95,$90		;4
		DC.B	$66,$69,$99,$90
		DC.B	$66,$09,$99,$90
		DC.B	$09,$99,$99,$00
		DC.B	$99,$99,$90,$00
		DC.B	$D9,$99,$00,$00
		DC.B	$99,$94,$64,$44
		DC.B	$00,$00,$08,$88
;---------------------------------------
		DC.B	$88,$80,$00,$00		;1
		DC.B	$44,$46,$49,$99
		DC.B	$00,$00,$99,$95
		DC.B	$00,$09,$99,$99
		DC.B	$00,$99,$99,$90
		DC.B	$09,$99,$90,$66
		DC.B	$09,$99,$96,$66
		DC.B	$09,$D9,$06,$66

		DC.B	$00,$09,$06,$66		;3
		DC.B	$99,$90,$06,$66
		DC.B	$D9,$99,$00,$66
		DC.B	$99,$99,$90,$00
		DC.B	$09,$99,$99,$09
		DC.B	$66,$09,$99,$90
		DC.B	$66,$69,$99,$90
		DC.B	$66,$60,$9D,$90

		DC.B	$66,$60,$95,$90		;4
		DC.B	$66,$69,$99,$90
		DC.B	$66,$09,$99,$90
		DC.B	$09,$99,$99,$09
		DC.B	$99,$99,$90,$00
		DC.B	$D9,$99,$00,$66
		DC.B	$99,$90,$06,$66
		DC.B	$00,$09,$06,$66

		DC.B	$09,$59,$06,$66		;2
		DC.B	$09,$99,$96,$66
		DC.B	$09,$99,$90,$66
		DC.B	$00,$99,$99,$90
		DC.B	$00,$09,$99,$99
		DC.B	$00,$00,$99,$95
		DC.B	$44,$46,$49,$99
		DC.B	$88,$80,$00,$00
;---------------------------------------
		DC.B	$00,$00,$00,$00		;3
		DC.B	$99,$90,$00,$00
		DC.B	$D9,$99,$00,$00
		DC.B	$99,$99,$90,$00
		DC.B	$09,$99,$99,$00
		DC.B	$66,$09,$99,$90
		DC.B	$66,$69,$99,$90
		DC.B	$66,$60,$9D,$90

		DC.B	$66,$60,$95,$90		;4
		DC.B	$66,$69,$99,$90
		DC.B	$66,$09,$99,$90
		DC.B	$09,$99,$99,$40
		DC.B	$99,$99,$90,$60
		DC.B	$D9,$99,$00,$48
		DC.B	$99,$90,$00,$48
		DC.B	$00,$00,$00,$48

		DC.B	$00,$00,$00,$48		;3
		DC.B	$99,$90,$00,$48
		DC.B	$D9,$99,$00,$48
		DC.B	$99,$99,$90,$60
		DC.B	$09,$99,$99,$40
		DC.B	$66,$09,$99,$90
		DC.B	$66,$69,$99,$90
		DC.B	$66,$60,$9D,$90

		DC.B	$66,$60,$95,$90		;4
		DC.B	$66,$69,$99,$90
		DC.B	$66,$09,$99,$90
		DC.B	$09,$99,$99,$00
		DC.B	$99,$99,$90,$00
		DC.B	$D9,$99,$00,$00
		DC.B	$99,$90,$00,$00
		DC.B	$00,$00,$00,$00
;---------------------------------------